0
0
0
0
0
0
0
0
0
0
0
0
0
0
0
0
0
0
0
0
0
0
0
0
0
0
0
0
0
0
0
0
0
0
0
0
0
0
0
0
0
0
0
0
0
0
0
0
0
1
0
0
0
0
0
0
0
0
0
0
0
0
0
0
0
0
0
0
0
0
0
0
0
0
0
0
0
0
0
0
0
0
0
0
0
0
0
0
0
0
0
0
0
0
0
0
0
0
-21
-50
180
-173
378
300
-153
341
255
-198
-471
-468
-362
-176
-453
141
-397
-284
-45
357
-164
-305
-12
221
507
195
-106
-472
83
-425
-421
324
-489
183
-484
26
145
342
-335
447
-88
-242
416
43
154
-110
157
370
-197
-159
-142
-491
-301
-470
-427
-463
269
-225
133
-229
-220
-82
236
-442
-22
-28
-410
364
87
-509
135
-373
-11
-301
-282
155
-306
453
336
-86
-147
-207
464
178
282
-32
-253
-368
133
-153
254
-451
24
-237
480
247
93
178
34
-302
278
11
223
9
64
-361
-369
-379
413
-48
492
-1
-222
119
-405
-73
374
312
-493
191
-374
78
383
-65
120
-239
90
104
-275
-272
277
-46
-329
437
-209
441
147
-278
-213
-339
-345
-60
308
346
-226
58
77
